1000
20886
3

1001
1
7

1002
28335
9

1003
20492
6

1004
41421
9

1006
40059
0

1007
43926
3

1008
23426
0

1009
35736
2

1010
35368
1

1011
26429
7

1012
41530
2

1013
45123
2

1014
33135
7

1015
49802
9

1016
43058
2

1017
48167
9

1018
48456
3

1019
48042
1

1020
37373
9

1021
24919
1

1022
48537
4

1023
34324
8

1024
34370
5

1025
23526
3

1026
38980
1

1027
41873
6

1028
29170
2

1029
37281
6

1030
40925
5

1031
26327
4

1032
36505
6

1033
41729
6

1034
35857
3

1035
43895
4

1036
30545
2

1037
43367
4

1038
30364
4

1039
43750
3

1040
46808
7

1041
27178
6

1042
33584
8

1043
22651
3

1044
42399
4

1045
35060
2

1046
33368
6

1047
30012
9

1048
28586
6

1049
47539
4

1050
30570
5

1051
30378
4

1052
46601
7

1053
32902
7

1054
20492
7

1055
40756
2

1056
30280
1

1057
39441
6

1058
29689
5

1059
36619
4

1060
44729
0

1061
48117
1

1062
25771
7

1063
40675
1

1064
48927
9

1065
47856
7

1066
42353
7

1067
26965
6

1068
44683
6

1069
28624
9

1070
22871
8

1071
48829
2

1072
30019
3

1073
33368
0

1074
36715
8

1075
48149
0

1076
40723
6

1077
22245
8

1078
43451
6

1079
43555
1

1080
37488
9

1081
28228
4

1082
32350
1

1083
31500
3

1084
37764
4

1085
34914
4

1086
45856
7

1087
36491
3

1088
28365
7

1089
21936
9

